Cidade,Data,Vendas,LojaID,Qtde,receita,Receita
Salvador,2018-01-01,31.06,1037,3,93.17999999999999,93.17999999999999
Salvador,2018-01-01,19.02,1034,3,57.06,57.06
Salvador,2019-02-10,173.59,1035,3,520.77,520.77
Salvador,2019-02-10,176.34,1037,3,529.02,529.02
Salvador,2019-02-14,19.47,1037,3,58.41,58.41
Salvador,2019-01-01,179.2,1037,3,537.5999999999999,537.5999999999999
Salvador,2019-01-01,36.3,1034,2,72.6,72.6
Salvador,2019-02-11,6.13,1034,2,12.26,12.26
Salvador,2019-02-11,4.96,1036,2,9.92,9.92
Salvador,2019-01-01,127.92,1036,1,127.92,127.92
Salvador,2019-01-01,30.97,1036,1,30.97,30.97
Salvador,2019-01-01,30.62,1034,3,91.86,91.86
Salvador,2019-01-01,125.05,1034,3,375.15,375.15
Salvador,2019-02-12,39.29,1035,1,39.29,39.29
Salvador,2019-01-12,109.01,1035,2,218.02,218.02
Salvador,2019-01-01,20.15,1036,3,60.449999999999996,60.449999999999996
Salvador,2019-01-01,32.47,1036,2,64.94,64.94
Salvador,2019-02-14,158.66,1037,1,158.66,158.66
Salvador,2019-01-01,242.31,1035,1,242.31,242.31
Salvador,2019-01-01,167.12,1035,1,167.12,167.12
Salvador,2019-01-01,33.97,1034,3,101.91,101.91
Salvador,2019-01-01,39.72,1035,3,119.16,119.16
Salvador,2019-01-01,32.57,1035,1,32.57,32.57
Salvador,2019-01-01,193.2,1036,3,579.5999999999999,579.5999999999999
Salvador,2019-01-01,15.6,1034,2,31.2,31.2
Salvador,2019-01-01,220.62,1035,1,220.62,220.62
Salvador,2019-01-01,183.45,1036,3,550.3499999999999,550.3499999999999
Salvador,2019-01-01,145.79,1034,1,145.79,145.79
Salvador,2019-01-01,162.34,1035,2,324.68,324.68
Salvador,2019-01-01,9.27,1034,1,9.27,9.27
Salvador,2019-01-01,47.96,1034,2,95.92,95.92
Salvador,2019-01-01,202.25,1035,2,404.5,404.5
Salvador,2019-01-01,151.27,1035,1,151.27,151.27
Salvador,2019-01-01,144.19,1035,2,288.38,288.38
Salvador,2019-01-01,36.54,1037,3,109.62,109.62
Salvador,2019-01-01,241.45,1037,1,241.45,241.45
Salvador,2019-01-01,9.67,1037,1,9.67,9.67
Salvador,2019-01-01,18.31,1036,3,54.92999999999999,54.92999999999999
Salvador,2019-01-01,165.34,1034,3,496.02,496.02
Salvador,2019-01-01,165.95,1036,3,497.84999999999997,497.84999999999997
Salvador,2019-02-13,161.87,1036,3,485.61,485.61
Salvador,2019-02-13,9.86,1035,2,19.72,19.72
Salvador,2019-01-01,44.28,1034,1,44.28,44.28
Salvador,2019-01-01,12.21,1034,1,12.21,12.21
Salvador,2019-01-01,43.26,1037,2,86.52,86.52
Salvador,2019-01-01,175.25,1035,3,525.75,525.75
Salvador,2019-01-01,34.84,1034,3,104.52000000000001,104.52000000000001
Salvador,2019-01-01,190.03,1036,2,380.06,380.06
Salvador,2019-01-01,127.28,1035,2,254.56,254.56
Salvador,2019-01-01,37.88,1034,2,75.76,75.76
Salvador,2019-01-01,44.87,1036,3,134.60999999999999,134.60999999999999
Salvador,2019-01-01,13.37,1037,2,26.74,26.74
Salvador,2019-01-01,43.77,1036,2,87.54,87.54
Salvador,2019-01-01,39.5,1035,3,118.5,118.5
Salvador,2019-01-01,46.54,1037,3,139.62,139.62
Salvador,2019-01-01,36.62,1036,1,36.62,36.62
Salvador,2019-01-01,178.44,1035,3,535.3199999999999,535.3199999999999
Salvador,2019-01-01,11.72,1035,1,11.72,11.72
Salvador,2019-01-01,20.64,1037,2,41.28,41.28
Salvador,2019-01-01,138.27,1034,2,276.54,276.54
Salvador,2019-01-01,96.01,1034,2,192.02,192.02
Salvador,2019-01-01,4.54,1036,3,13.620000000000001,13.620000000000001
Salvador,2019-01-01,161.02,1037,3,483.06000000000006,483.06000000000006
Salvador,2019-01-01,166.59,1036,1,166.59,166.59
Salvador,2019-01-01,37.96,1037,3,113.88,113.88
Salvador,2019-01-01,3.39,1034,2,6.78,6.78
Salvador,2019-01-01,70.2,1035,3,210.60000000000002,210.60000000000002
Salvador,2019-01-01,36.89,1037,2,73.78,73.78
Salvador,2019-01-01,162.35,1037,3,487.04999999999995,487.04999999999995
Salvador,2019-01-01,14.79,1035,1,14.79,14.79
Salvador,2019-01-01,39.06,1034,3,117.18,117.18
Salvador,2019-01-01,21.36,1035,2,42.72,42.72
Salvador,2019-01-01,149.47,1036,3,448.40999999999997,448.40999999999997
Salvador,2019-01-01,8.39,1037,1,8.39,8.39
Salvador,2019-01-01,170.53,1035,2,341.06,341.06
Salvador,2019-01-01,155.52,1034,1,155.52,155.52
Salvador,2019-01-01,39.51,1035,3,118.53,118.53
Salvador,2019-01-01,218.76,1037,1,218.76,218.76
Salvador,2019-01-01,111.2,1036,3,333.6,333.6
Salvador,2019-01-01,19.02,1034,2,38.04,38.04
Salvador,2019-01-01,40.24,1036,2,80.48,80.48
Salvador,2019-01-01,17.36,1037,2,34.72,34.72
Salvador,2019-01-01,207.88,1035,1,207.88,207.88
Salvador,2019-01-01,63.66,1036,2,127.32,127.32
Salvador,2019-01-01,22.99,1036,1,22.99,22.99
Salvador,2019-01-01,16.88,1035,3,50.64,50.64
Salvador,2019-01-01,156.47,1037,3,469.40999999999997,469.40999999999997
Salvador,2019-01-01,135.19,1034,2,270.38,270.38
Salvador,2019-01-01,31.2,1036,1,31.2,31.2
Salvador,2019-01-01,17.46,1034,1,17.46,17.46
Salvador,2019-01-01,100.54,1036,2,201.08,201.08
Salvador,2019-01-01,17.74,1035,1,17.74,17.74
Salvador,2019-01-01,4.57,1035,1,4.57,4.57
Salvador,2019-01-01,15.58,1037,1,15.58,15.58
Salvador,2019-01-01,33.24,1037,1,33.24,33.24
Salvador,2019-01-01,5.13,1035,1,5.13,5.13
Salvador,2019-01-01,42.94,1034,3,128.82,128.82
Salvador,2019-01-01,39.91,1037,3,119.72999999999999,119.72999999999999
Salvador,2019-01-01,231.76,1036,3,695.28,695.28
Salvador,2019-01-01,40.38,1037,1,40.38,40.38
Salvador,2019-01-01,190.97,1036,2,381.94,381.94
Salvador,2019-01-01,32.28,1035,3,96.84,96.84
Salvador,2019-01-01,40.84,1034,3,122.52000000000001,122.52000000000001
Salvador,2019-01-01,191.6,1034,1,191.6,191.6
Salvador,2019-01-01,188.79,1036,3,566.37,566.37
Salvador,2019-01-01,32.83,1037,1,32.83,32.83
Salvador,2019-01-01,149.19,1035,2,298.38,298.38
Salvador,2019-01-01,14.7,1035,1,14.7,14.7
Salvador,2019-03-02,11.72,1037,1,11.72,11.72
Salvador,2019-03-02,124.37,1035,1,124.37,124.37
Salvador,2019-03-02,185.93,1036,3,557.79,557.79
Salvador,2019-03-02,147.35,1037,2,294.7,294.7
Salvador,2019-03-02,43.0,1036,3,129.0,129.0
Salvador,2019-03-02,18.9,1034,3,56.699999999999996,56.699999999999996
Salvador,2019-03-02,25.52,1034,1,25.52,25.52
Salvador,2019-03-02,202.33,1035,2,404.66,404.66
Salvador,2019-03-02,41.78,1034,3,125.34,125.34
Salvador,2019-03-02,39.41,1034,1,39.41,39.41
Salvador,2019-03-02,92.21,1035,2,184.42,184.42
Salvador,2019-03-02,136.37,1034,2,272.74,272.74
Salvador,2019-03-02,140.17,1036,2,280.34,280.34
Salvador,2019-03-02,100.7,1037,3,302.1,302.1
Salvador,2019-03-02,13.27,1037,1,13.27,13.27
Salvador,2019-03-02,127.45,1036,3,382.35,382.35
Salvador,2019-03-02,44.82,1034,3,134.46,134.46
Salvador,2019-03-02,25.0,1037,2,50.0,50.0
Salvador,2019-03-02,41.69,1036,2,83.38,83.38
Salvador,2019-03-02,240.61,1035,3,721.83,721.83
Salvador,2019-03-02,36.84,1034,1,36.84,36.84
Salvador,2019-03-02,125.66,1037,1,125.66,125.66
Salvador,2019-03-02,59.78,1036,1,59.78,59.78
Salvador,2019-03-02,63.48,1037,3,190.44,190.44
Salvador,2019-03-02,19.61,1036,2,39.22,39.22
Salvador,2019-03-02,153.71,1035,1,153.71,153.71
Salvador,2019-03-02,125.9,1036,1,125.9,125.9
Salvador,2019-03-02,9.95,1037,3,29.849999999999998,29.849999999999998
Salvador,2019-03-02,13.81,1036,1,13.81,13.81
Salvador,2019-03-02,51.66,1036,3,154.98,154.98
Salvador,2019-03-02,212.03,1037,3,636.09,636.09
Salvador,2019-03-02,169.01,1036,1,169.01,169.01
Salvador,2019-03-02,20.79,1036,2,41.58,41.58
Salvador,2019-03-02,9.08,1036,1,9.08,9.08
Salvador,2019-01-02,7.12,1034,1,7.12,7.12
Salvador,2019-01-02,41.18,1037,2,82.36,82.36
Salvador,2019-01-02,23.38,1034,1,23.38,23.38
Salvador,2019-01-02,84.62,1034,2,169.24,169.24
Salvador,2019-01-02,149.88,1037,1,149.88,149.88
Salvador,2019-01-02,34.5,1035,1,34.5,34.5
Salvador,2019-01-02,40.59,1037,3,121.77000000000001,121.77000000000001
Salvador,2019-01-02,22.38,1034,3,67.14,67.14
Salvador,2019-01-02,11.13,1035,2,22.26,22.26
Salvador,2019-01-02,14.63,1035,1,14.63,14.63
Salvador,2019-01-02,20.07,1035,1,20.07,20.07
Salvador,2019-01-02,17.41,1035,2,34.82,34.82
Salvador,2019-01-02,9.58,1037,1,9.58,9.58
Salvador,2019-01-02,237.81,1036,3,713.4300000000001,713.4300000000001
Salvador,2019-01-02,36.14,1037,3,108.42,108.42
Salvador,2019-01-02,150.17,1036,2,300.34,300.34
Salvador,2019-01-02,183.64,1037,3,550.92,550.92
Salvador,2019-01-02,172.52,1035,1,172.52,172.52
Salvador,2019-01-02,11.76,1034,1,11.76,11.76
Salvador,2019-01-02,5.8,1036,1,5.8,5.8
Salvador,2019-01-02,23.08,1036,2,46.16,46.16
Salvador,2019-01-02,17.66,1036,3,52.980000000000004,52.980000000000004
Salvador,2019-01-02,6.59,1035,1,6.59,6.59
Salvador,2019-01-02,11.54,1037,1,11.54,11.54
Salvador,2019-01-02,111.72,1035,3,335.15999999999997,335.15999999999997
Salvador,2019-01-02,36.42,1037,1,36.42,36.42
Salvador,2019-01-02,20.22,1036,1,20.22,20.22
Salvador,2019-01-02,166.73,1037,2,333.46,333.46
Salvador,2019-01-02,9.26,1035,3,27.78,27.78
Salvador,2019-01-02,136.45,1035,3,409.34999999999997,409.34999999999997
Salvador,2019-01-02,6.7,1035,1,6.7,6.7
Salvador,2019-01-02,31.77,1034,2,63.54,63.54
Salvador,2019-01-02,35.3,1037,1,35.3,35.3
Salvador,2019-01-02,16.53,1036,2,33.06,33.06
Salvador,2019-01-02,19.42,1035,3,58.260000000000005,58.260000000000005
Salvador,2019-01-02,41.19,1037,2,82.38,82.38
Salvador,2019-01-02,39.28,1037,3,117.84,117.84
Salvador,2019-01-02,64.95,1036,1,64.95,64.95
Salvador,2019-01-02,116.63,1035,2,233.26,233.26
Salvador,2019-01-02,244.83,1037,2,489.66,489.66
Salvador,2019-01-02,6.6,1037,2,13.2,13.2
Salvador,2019-01-02,120.23,1037,2,240.46,240.46
Salvador,2019-01-02,167.16,1037,1,167.16,167.16
Salvador,2019-01-02,6.67,1036,1,6.67,6.67
Salvador,2019-01-02,169.09,1036,2,338.18,338.18
Salvador,2019-01-02,3.85,1035,3,11.55,11.55
Salvador,2019-01-02,178.11,1035,3,534.33,534.33
Salvador,2019-01-02,139.73,1037,2,279.46,279.46
Salvador,2019-01-02,78.78,1035,3,236.34,236.34
Salvador,2019-01-02,173.59,1034,2,347.18,347.18
Salvador,2019-01-02,166.51,1036,1,166.51,166.51
Salvador,2019-01-02,3.97,1036,2,7.94,7.94
Salvador,2019-01-02,156.47,1035,1,156.47,156.47
Salvador,2019-01-02,44.89,1036,3,134.67000000000002,134.67000000000002
Salvador,2019-01-02,145.09,1036,2,290.18,290.18
Salvador,2019-01-02,10.45,1036,2,20.9,20.9
Salvador,2019-01-02,13.65,1037,3,40.95,40.95
Salvador,2019-01-02,153.87,1036,3,461.61,461.61
Salvador,2019-01-02,41.06,1035,1,41.06,41.06
Salvador,2019-01-02,86.61,1036,1,86.61,86.61
Salvador,2019-01-02,22.45,1036,1,22.45,22.45
Salvador,2019-01-02,37.75,1035,2,75.5,75.5
Salvador,2019-01-02,151.41,1037,2,302.82,302.82
Salvador,2019-01-02,196.09,1037,1,196.09,196.09
Salvador,2019-01-02,151.45,1036,2,302.9,302.9
Salvador,2019-01-02,46.7,1036,2,93.4,93.4
Salvador,2019-01-02,39.4,1036,3,118.19999999999999,118.19999999999999
Salvador,2019-01-02,69.98,1034,2,139.96,139.96
Salvador,2019-01-02,197.64,1035,1,197.64,197.64
Salvador,2019-01-02,141.05,1035,3,423.15000000000003,423.15000000000003
Salvador,2019-01-02,50.73,1037,3,152.19,152.19
Salvador,2019-01-02,42.12,1035,1,42.12,42.12
Salvador,2019-01-02,54.94,1036,2,109.88,109.88
Salvador,2019-01-02,203.84,1036,1,203.84,203.84
Salvador,2019-01-02,5.82,1035,1,5.82,5.82
Salvador,2019-01-02,37.65,1036,2,75.3,75.3
Salvador,2019-01-02,189.12,1036,3,567.36,567.36
Salvador,2019-01-02,19.67,1037,2,39.34,39.34
Salvador,2019-01-02,42.71,1035,1,42.71,42.71
Salvador,2019-01-02,142.23,1035,2,284.46,284.46
Salvador,2019-01-02,43.96,1037,1,43.96,43.96
Salvador,2019-01-02,40.51,1037,2,81.02,81.02
Salvador,2019-01-02,178.3,1035,3,534.9000000000001,534.9000000000001
Salvador,2019-01-02,36.23,1035,1,36.23,36.23
Salvador,2019-01-02,38.32,1035,2,76.64,76.64
Salvador,2019-01-02,14.7,1035,1,14.7,14.7
Salvador,2019-01-02,6.87,1037,3,20.61,20.61
Salvador,2019-01-02,43.08,1036,2,86.16,86.16
Salvador,2019-01-03,184.69,1036,1,184.69,184.69
Salvador,2019-01-03,89.85,1034,2,179.7,179.7
Salvador,2019-01-03,167.76,1034,3,503.28,503.28
Salvador,2019-01-03,172.4,1036,2,344.8,344.8
Salvador,2019-01-03,48.39,1035,2,96.78,96.78
Salvador,2019-01-03,41.84,1034,1,41.84,41.84
Salvador,2019-01-03,126.29,1035,3,378.87,378.87
Salvador,2019-01-03,38.06,1036,3,114.18,114.18
Salvador,2019-01-03,139.64,1035,1,139.64,139.64
Salvador,2019-01-03,161.41,1037,3,484.23,484.23
